0.234931 0.386433
0.512330 0.607432
0.201422 0.636158
0.812388 0.936363
0.869003 0.253598
0.504577 0.396284
0.778896 0.718075
0.941069 0.156241
0.932450 0.267887
0.088565 0.353793
0.834496 0.364004
0.702707 0.813607
0.967293 0.703202
0.768723 0.316294
0.685951 0.463161
0.139141 0.043877
0.820158 0.826329
0.046454 0.770631
0.717207 0.599812
0.571949 0.216710
0.067804 0.925373
0.211459 0.736794
0.618806 0.656571
0.394665 0.177203
0.795982 0.969366
0.186589 0.302233
0.335112 0.168011
0.428281 0.664147
0.251155 0.449812
0.258260 0.171130
0.862916 0.600345
0.297075 0.893626
0.134620 0.204968
0.774455 0.841897
0.295945 0.982994
0.531796 0.546240
0.558552 0.277627
0.142347 0.276198
0.759826 0.567787
0.357237 0.646243
0.933500 0.107194
0.707580 0.172763
0.132009 0.441604
0.371223 0.070858
0.306886 0.606832
0.347226 0.209285
0.691206 0.268221
0.572053 0.678071
0.922009 0.926456
0.858461 0.865670
0.090858 0.585152
0.441422 0.291166
0.017108 0.952370
0.474995 0.691939
0.301172 0.331269
0.039852 0.028301
0.134010 0.844307
0.093267 0.134041
0.414259 0.530965
0.321668 0.715391
0.455882 0.160673
0.040454 0.280878
0.456891 0.310670
0.126554 0.370587
0.943642 0.372764
0.466329 0.145809
0.605433 0.673468
0.554703 0.998629
0.290528 0.818745
0.690976 0.345924
0.447457 0.707625
0.682620 0.183360
0.964395 0.398164
0.090415 0.292364
0.184581 0.154792
0.826579 0.216674
0.857234 0.557787
0.352168 0.254969
0.921065 0.513671
0.810787 0.752184
0.311472 0.369545
0.182773 0.914537
0.432687 0.104922
0.947280 0.221890
0.542565 0.751345
0.799316 0.265974
0.060447 0.773095
0.684575 0.504132
0.727430 0.131566
0.786970 0.985615
0.623604 0.151368
0.132123 0.581103
0.278237 0.107989
0.154607 0.626001
0.496606 0.664869
0.917581 0.174204
0.071098 0.901955
0.670499 0.251386
0.244422 0.698369
0.083943 0.595530
