0.264193 0.861872
0.030272 0.037018
0.643041 0.517326
0.304953 0.773184
0.915764 0.353071
0.948872 0.832486
0.280028 0.572141
0.189296 0.394502
0.700358 0.984645
0.709004 0.726651
0.794582 0.305195
0.716816 0.066581
0.841772 0.255493
0.783614 0.562243
0.515352 0.247873
0.917161 0.606472
0.973378 0.899214
0.580467 0.704648
0.622524 0.004530
0.746122 0.222039
0.213172 0.885670
0.622994 0.971656
0.920047 0.222955
0.391868 0.623987
0.716172 0.576184
0.143045 0.346714
0.657474 0.806367
0.221620 0.915535
0.661214 0.520638
0.355113 0.776470
0.983460 0.480195
0.263298 0.185527
0.879160 0.634764
0.931546 0.603387
0.862939 0.076940
0.366677 0.980744
0.579553 0.745903
0.448271 0.434211
0.540022 0.152403
0.438573 0.083218
0.882764 0.745512
0.820581 0.495066
0.878640 0.796547
0.396600 0.268318
0.114635 0.836703
0.998490 0.773976
0.162959 0.752284
0.736022 0.969385
0.070684 0.615103
0.441218 0.501567
0.189613 0.205464
0.854237 0.024709
0.706867 0.971292
0.140307 0.770759
0.733773 0.859352
0.527419 0.932626
0.963958 0.053134
0.210921 0.346209
0.721086 0.156870
0.183857 0.290506
0.682562 0.776256
0.320852 0.964298
0.687520 0.763884
0.868510 0.343429
0.815799 0.620961
0.476766 0.674436
0.359140 0.676824
0.043321 0.818319
0.396678 0.703870
0.937213 0.022469
0.433854 0.567906
0.617816 0.469315
0.967219 0.362557
0.271947 0.126969
0.897150 0.231256
0.854520 0.010182
0.426321 0.741471
0.837071 0.949192
0.453864 0.243200
0.043720 0.359508
0.503433 0.117415
0.185551 0.307481
0.908007 0.200003
0.092107 0.374499
0.315044 0.952877
0.182623 0.436888
0.572684 0.146355
0.419834 0.499141
0.711037 0.915476
0.845626 0.144819
0.042127 0.057862
0.810505 0.002508
0.367919 0.351827
0.177790 0.863452
0.907892 0.490841
0.108649 0.732998
0.835980 0.954083
0.515521 0.149742
0.251231 0.762690
0.909191 0.564287
